


030 000 000
040 700 800
020 000 000

900 000 000
100 024 700
300 060 908

000 038 000
010 000 006
700 001 004

Evil
000 070 000
250 004 076
040 002 008

090 000 000
004 126 300
000 000 010

900 600 050
820 700 060
000 030 000












000 000 030
000 860 002
001 032 908

002 005 007
065 000 340
700 100 600

609 280 400
200 059 000
040 000 000

Evil
000 710 060
019 004 000
420 005 000

500 009 700
080 000 090
003 800 006

000 500 018
000 900 320
070 021 000

Hard
009 000 561
060 100 070
300 800 000

040 300 002
000 794 000
700 005 090

000 007 003
080 001 020
217 000 900

Medium
(Solved with one iteration)
400 300 000
082 060 000
305 907 000

100 700 030
006 435 200
050 008 004

000 609 705
000 070 820
000 001 006








Anti bruteForce
000 000 000
000 003 085
001 020 000

000 507 000
004 000 100
090 000 000

500 000 073
002 010 000
000 040 009




826 900 534
000 864 002
471 532 968

002 645 007
065 728 340
784 193 625

609 280 403
200 459 006
040 306 200